0,3.63333333333333314386e+02
0,4.05000000000000000000e+02
0,4.46666666666666685614e+02
0,4.88333333333333371229e+02
0,5.30000000000000000000e+02
0,5.71666666666666628771e+02
0,6.13333333333333257542e+02
0,6.54999999999999886313e+02
0,6.96666666666666515084e+02
0,7.38333333333333143855e+02
0,7.79999999999999772626e+02
0,8.21666666666666401397e+02
0,8.63333333333333030168e+02
0,9.04999999999999658939e+02
0,9.46666666666666287711e+02
0,9.88333333333332916482e+02
0,1.02999999999999954525e+03
0,1.07166666666666628771e+03
0,1.11333333333333303017e+03
0,1.15499999999999977263e+03
0,1.19666666666666651508e+03
0,1.23833333333333325754e+03
0,1.28000000000000000000e+03
0,1.32166666666666674246e+03
0,1.36333333333333348492e+03
0,1.40500000000000022737e+03
0,1.44666666666666696983e+03
0,1.48833333333333371229e+03
0,1.53000000000000045475e+03
0,1.57166666666666719721e+03
0,1.61333333333333393966e+03
0,1.65500000000000068212e+03
0,1.69666666666666742458e+03
0,1.73833333333333416704e+03
0,1.78000000000000090949e+03
0,1.82166666666666765195e+03
0,1.86333333333333439441e+03
0,1.90500000000000113687e+03
0,1.94666666666666787933e+03
0,1.98833333333333462178e+03
0,2.03000000000000136424e+03
0,2.07166666666666787933e+03
0,2.11333333333333439441e+03
0,2.15500000000000090949e+03
0,2.19666666666666742458e+03
0,2.23833333333333393966e+03
0,2.28000000000000045475e+03
0,2.32166666666666696983e+03
0,2.36333333333333348492e+03
0,2.40500000000000000000e+03
0,2.44666666666666651508e+03
0,2.48833333333333303017e+03
0,2.52999999999999954525e+03
0,2.57166666666666606034e+03
0,2.61333333333333257542e+03
0,2.65499999999999909051e+03
0,2.69666666666666560559e+03
0,2.73833333333333212067e+03
0,2.77999999999999863576e+03
0,2.82166666666666515084e+03
0,2.86333333333333166593e+03
0,2.90499999999999818101e+03
0,2.94666666666666469609e+03
0,2.98833333333333121118e+03
0,3.02999999999999772626e+03
0,3.07166666666666424135e+03
0,3.11333333333333075643e+03
